Light Intensity, Ch A vs Actual Angular Position, Run #4
Actual Angular Position (  )	Light Intensity, Ch A ( % max )
0.000	-0.2
0.000	-0.1
0.000	-0.1
0.000	-0.1
0.000	-0.1
0.000	-0.2
0.000	-0.1
0.000	-0.1
0.000	-0.1
0.000	-0.2
0.000	-0.1
0.000	-0.1
0.000	-0.2
0.000	-0.3
0.000	-0.2
0.000	-0.2
0.001	-0.1
0.001	-0.1
0.001	-0.1
0.001	-0.1
0.001	-0.1
0.001	-0.1
0.004	-0.1
0.010	-0.2
0.018	-0.2
0.024	-0.3
0.029	-0.3
0.033	-0.3
0.036	-0.2
0.039	-0.1
0.043	-0.1
0.047	-0.1
0.053	-0.1
0.060	-0.1
0.066	-0.1
0.069	-0.1
0.073	-0.1
0.076	-0.1
0.079	-0.1
0.081	-0.1
0.082	-0.1
0.083	-0.2
0.083	-0.2
0.086	-0.2
0.090	-0.2
0.095	-0.2
0.100	-0.3
0.103	-0.3
0.104	-0.2
0.105	-0.3
0.107	-0.2
0.110	-0.2
0.115	-0.1
0.122	-0.2
0.128	-0.1
0.134	-0.2
0.139	-0.1
0.144	-0.2
0.150	-0.2
0.157	-0.2
0.164	-0.2
0.170	-0.3
0.175	-0.3
0.180	-0.2
0.185	-0.2
0.191	-0.1
0.195	-0.1
0.198	-0.2
0.201	-0.1
0.204	-0.2
0.206	-0.2
0.208	-0.3
0.210	-0.3
0.213	-0.1
0.217	0.3
0.222	0.6
0.226	0.2
0.230	0.0
0.233	-0.1
0.235	-0.1
0.237	-0.1
0.237	-0.1
0.238	-0.1
0.241	-0.1
0.245	-0.1
0.249	-0.1
0.252	-0.1
0.254	-0.2
0.257	-0.2
0.260	-0.2
0.263	-0.3
0.266	-0.3
0.269	-0.2
0.271	-0.1
0.274	-0.1
0.277	-0.2
0.279	-0.1
0.282	-0.2
0.285	-0.1
0.289	-0.2
0.292	-0.2
0.297	-0.3
0.300	-0.2
0.304	-0.1
0.307	-0.1
0.310	-0.2
0.312	-0.1
0.316	-0.1
0.320	-0.2
0.325	-0.3
0.330	-0.2
0.334	-0.1
0.336	-0.1
0.338	-0.1
0.340	-0.1
0.343	-0.1
0.346	-0.2
0.349	-0.3
0.353	-0.1
0.357	-0.1
0.362	-0.1
0.367	-0.2
0.369	-0.1
0.371	-0.2
0.371	-0.1
0.372	-0.2
0.372	-0.2
0.372	-0.1
0.373	-0.2
0.374	-0.1
0.376	-0.2
0.378	-0.1
0.380	-0.2
0.382	-0.2
0.384	-0.2
0.385	-0.2
0.386	-0.2
0.387	-0.2
0.389	-0.3
0.391	-0.3
0.394	-0.2
0.398	-0.1
0.401	-0.1
0.404	-0.1
0.405	-0.1
0.406	-0.1
0.408	-0.1
0.411	-0.1
0.414	-0.2
0.417	-0.1
0.420	-0.2
0.423	-0.1
0.425	-0.2
0.427	-0.1
0.430	-0.1
0.433	-0.1
0.437	-0.2
0.440	-0.2
0.443	-0.1
0.446	-0.1
0.449	-0.1
0.453	-0.1
0.458	-0.1
0.462	-0.2
0.466	-0.2
0.469	-0.2
0.472	-0.3
0.474	-0.3
0.477	-0.2
0.481	-0.1
0.486	-0.1
0.490	-0.1
0.493	-0.1
0.496	0.0
0.498	0.0
0.501	-0.1
0.503	-0.1
0.505	-0.2
0.507	-0.3
0.510	-0.1
0.513	-0.1
0.516	-0.1
0.519	-0.1
0.523	-0.1
0.526	-0.1
0.529	-0.1
0.533	-0.1
0.537	-0.1
0.541	-0.2
0.544	-0.1
0.547	-0.1
0.549	-0.1
0.551	-0.1
0.554	-0.1
0.557	-0.1
0.561	-0.1
0.564	-0.1
0.568	-0.2
0.572	-0.2
0.577	-0.2
0.581	-0.1
0.586	0.0
0.588	0.0
0.590	-0.1
0.592	-0.1
0.593	-0.2
0.596	-0.2
0.599	-0.2
0.602	-0.2
0.605	-0.2
0.606	-0.2
0.607	-0.2
0.609	-0.1
0.610	-0.1
0.613	0.0
0.615	0.0
0.617	-0.1
0.619	-0.1
0.622	-0.2
0.624	-0.1
0.626	0.0
0.629	0.1
0.632	0.1
0.634	0.0
0.637	0.0
0.639	0.0
0.641	0.0
0.643	0.0
0.645	0.0
0.648	0.0
0.650	0.0
0.653	0.0
0.656	0.0
0.658	-0.1
0.661	-0.2
0.663	0.0
0.666	0.0
0.670	0.0
0.676	0.0
0.680	0.0
0.684	0.0
0.686	0.1
0.686	0.1
0.687	0.0
0.689	0.0
0.693	0.1
0.697	0.3
0.701	0.5
0.703	1.2
0.705	7.1
0.707	23.7
0.709	51.4
0.710	61.3
0.712	48.9
0.714	25.8
0.715	12.1
0.717	4.6
0.718	1.8
0.721	0.7
0.723	0.5
0.724	0.4
0.726	0.4
0.727	0.4
0.728	0.3
0.730	0.2
0.732	0.2
0.735	0.1
0.737	0.2
0.740	0.2
0.742	0.2
0.744	0.1
0.746	0.1
0.748	0.1
0.749	0.1
0.750	0.0
0.752	0.0
0.754	0.1
0.756	0.1
0.758	0.1
0.761	0.1
0.764	0.0
0.766	-0.1
0.768	-0.1
0.770	-0.1
0.772	0.0
0.774	0.0
0.777	0.0
0.779	0.0
0.780	0.0
0.782	0.0
0.784	-0.1
0.785	0.0
0.787	0.0
0.789	0.0
0.791	0.0
0.793	0.0
0.795	0.0
0.797	-0.1
0.800	0.0
0.804	0.0
0.806	0.0
0.809	0.0
0.811	0.1
0.813	0.9
0.815	3.0
0.817	5.9
0.819	6.6
0.821	4.0
0.823	1.3
0.826	0.2
0.828	0.1
0.831	0.1
0.833	0.1
0.836	0.1
0.838	0.1
0.840	0.1
0.843	0.1
0.847	0.2
0.850	1.0
0.854	0.8
0.856	0.3
0.858	0.1
0.860	0.0
0.862	0.1
0.864	0.1
0.866	0.2
0.869	0.2
0.872	0.1
0.875	0.1
0.878	0.1
0.881	0.1
0.884	0.1
0.887	0.1
0.890	0.0
0.893	0.1
0.896	0.0
0.898	0.1
0.901	0.0
0.903	0.0
0.907	0.0
0.910	0.0
0.913	0.0
0.916	0.0
0.919	0.0
0.922	0.0
0.925	0.0
0.929	0.0
0.932	0.0
0.935	0.0
0.938	0.0
0.940	0.0
0.941	0.0
0.942	0.0
0.944	0.0
0.947	0.0
0.950	0.0
0.951	0.0
0.952	0.0
0.953	0.0
0.955	0.0
0.957	0.0
0.959	0.0
0.961	0.0
0.963	0.0
0.965	0.0
0.968	0.0
0.971	0.0
0.973	0.1
0.976	0.1
0.978	0.0
0.980	0.1
0.982	0.1
0.983	0.0
0.984	0.0
0.986	0.1
0.987	0.0
0.989	0.1
0.991	0.1
0.993	0.1
0.995	0.1
0.998	0.1
1.001	0.1
1.004	0.2
1.007	0.2
1.010	0.1
1.013	0.1
1.015	0.1
1.018	0.1
1.021	0.1
1.023	0.1
1.026	0.1
1.028	0.2
1.030	0.3
1.032	0.3
1.034	0.3
1.036	0.4
1.038	0.4
1.040	0.4
1.042	0.5
1.044	0.5
1.047	0.5
1.050	0.6
1.053	0.7
1.055	0.7
1.057	0.8
1.058	0.9
1.060	1.0
1.062	1.2
1.065	1.3
1.068	1.4
1.070	1.3
1.072	1.3
1.074	1.3
1.077	1.4
1.079	1.6
1.081	1.8
1.084	2.1
1.086	2.4
1.088	2.7
1.089	3.2
1.091	3.8
1.093	4.5
1.096	5.4
1.098	6.7
1.101	8.8
1.104	13.1
1.107	97.1
1.112	97.0
1.117	97.0
1.122	45.6
1.125	11.9
1.129	9.1
1.131	7.6
1.133	7.0
1.134	6.3
1.136	5.9
1.138	5.3
1.140	4.8
1.142	4.2
1.144	3.5
1.147	3.0
1.149	2.6
1.152	2.2
1.156	2.1
1.159	1.8
1.162	1.7
1.165	1.5
1.167	1.4
1.170	1.2
1.172	1.2
1.174	0.9
1.177	0.8
1.179	0.6
1.182	0.4
1.184	0.3
1.187	0.3
1.190	0.2
1.192	0.2
1.193	0.2
1.194	0.2
1.194	0.2
1.196	0.2
1.198	0.2
1.201	0.1
1.204	0.1
1.207	0.1
1.211	0.1
1.215	0.1
1.218	0.0
1.222	0.1
1.226	0.0
1.229	0.0
1.231	-0.1
1.234	0.0
1.237	-0.1
1.240	0.0
1.244	0.0
1.247	0.0
1.250	0.0
1.253	0.0
1.255	0.0
1.257	0.0
1.260	0.0
1.263	0.0
1.265	0.0
1.266	0.0
1.268	0.0
1.269	0.0
1.270	0.0
1.271	0.0
1.273	0.0
1.275	0.0
1.277	0.0
1.278	0.0
1.280	0.0
1.281	0.0
1.283	0.0
1.285	0.0
1.286	0.0
1.287	0.0
1.287	0.0
1.288	-0.1
1.289	-0.1
1.290	-0.1
1.291	-0.2
1.292	-0.2
1.292	-0.2
1.293	-0.1
1.294	0.0
1.295	0.0
1.296	-0.1
1.297	-0.1
1.298	-0.1
1.299	0.0
1.300	0.0
1.301	0.0
1.302	-0.1
1.303	-0.1
1.304	0.0
1.306	-0.1
1.306	-0.1
1.308	-0.1
1.309	-0.1
1.311	-0.2
1.312	-0.2
1.313	-0.2
1.314	-0.1
1.316	0.0
1.317	0.0
1.318	-0.1
1.319	-0.1
1.319	0.0
1.320	0.0
1.322	-0.1
1.323	-0.1
1.325	-0.1
1.327	-0.1
1.329	0.0
1.332	-0.1
1.334	-0.1
1.335	-0.1
1.336	-0.1
1.338	-0.1
1.340	0.0
1.341	-0.1
1.343	0.0
1.344	-0.1
1.345	-0.2
1.347	0.0
1.348	0.0
1.349	0.0
1.351	0.0
1.352	0.0
1.353	0.0
1.354	0.0
1.356	0.0
1.358	0.0
1.359	0.0
1.361	0.0
1.363	0.0
1.366	0.1
1.368	0.1
1.369	0.0
1.370	0.0
1.371	0.0
1.372	0.0
1.373	0.0
1.374	0.0
1.376	0.0
1.378	0.1
1.380	0.3
1.380	0.5
1.380	0.5
1.382	0.4
1.384	0.3
1.386	0.1
1.386	0.0
1.386	0.0
1.388	0.0
1.389	-0.1
1.389	0.0
1.389	-0.1
1.389	-0.1
1.389	-0.2
1.390	0.0
1.391	0.0
1.393	0.0
1.396	0.0
1.398	0.0
1.400	0.0
1.401	0.0
1.402	0.0
1.404	0.0
1.405	0.0
1.406	0.1
1.408	0.7
1.409	2.0
1.411	3.2
1.413	3.8
1.415	2.4
1.418	0.7
1.420	0.1
1.423	0.0
1.425	0.0
1.428	0.0
1.430	0.0
1.432	0.0
1.433	0.0
1.435	0.0
1.436	-0.1
1.437	-0.1
1.439	-0.2
1.441	0.0
1.443	0.0
1.445	0.0
1.448	0.0
1.449	0.0
1.451	0.0
1.453	0.0
1.454	0.0
1.456	0.0
1.457	0.0
1.459	0.0
1.461	0.0
1.463	0.0
1.465	-0.1
1.467	-0.1
1.468	-0.1
1.470	0.0
1.472	0.0
1.473	0.0
1.476	0.0
1.478	0.0
1.480	0.0
1.483	0.0
1.486	0.0
1.489	0.0
1.492	0.0
1.495	0.0
1.499	0.0
1.502	0.1
1.507	0.1
1.510	0.2
1.513	0.3
1.515	0.5
1.518	5.8
1.521	28.1
1.525	36.1
1.528	10.0
1.531	1.3
1.533	0.4
1.535	0.3
1.537	0.2
1.540	0.2
1.543	0.1
1.546	0.1
1.550	0.0
1.553	0.0
1.556	-0.1
1.559	-0.1
1.562	0.0
1.565	0.0
1.569	0.0
1.572	0.0
1.575	0.0
1.577	0.0
1.581	-0.2
1.585	-0.2
1.589	-0.1
1.593	0.0
1.596	-0.1
1.597	-0.1
1.598	-0.1
1.599	-0.1
1.601	-0.1
1.602	0.0
1.603	0.0
1.606	0.0
1.611	-0.2
1.616	-0.3
1.623	-0.2
1.628	-0.1
1.633	-0.1
1.639	-0.1
1.644	-0.1
1.649	-0.1
1.654	0.0
1.658	-0.1
1.663	-0.1
1.667	-0.1
1.671	-0.1
1.675	-0.1
1.679	-0.3
1.684	-0.2
1.688	-0.1
1.693	-0.1
1.696	-0.1
1.700	-0.1
1.704	-0.1
1.707	-0.1
1.710	-0.1
1.712	-0.1
1.714	-0.1
1.717	-0.1
1.721	-0.1
1.726	-0.1
1.731	-0.1
1.734	-0.1
1.737	-0.1
1.739	-0.1
1.742	-0.1
1.745	0.0
1.749	0.2
1.752	0.1
1.756	-0.1
1.759	-0.1
1.762	-0.1
1.767	-0.1
1.772	-0.3
1.777	-0.3
1.783	-0.2
1.787	-0.1
1.792	-0.2
1.796	-0.3
1.800	-0.2
1.803	-0.2
1.808	-0.2
1.812	-0.2
1.818	-0.1
1.823	-0.1
1.828	-0.1
1.835	-0.1
1.844	-0.1
1.852	-0.2
1.859	-0.1
1.865	-0.2
1.870	-0.1
1.873	-0.2
1.874	-0.2
1.875	-0.2
1.877	-0.2
1.880	-0.2
1.883	-0.2
1.887	-0.2
1.892	-0.3
1.895	-0.3
1.898	-0.2
1.903	-0.2
1.907	-0.2
1.912	-0.1
1.918	-0.1
1.923	-0.2
1.929	-0.2
1.934	-0.1
1.940	-0.1
1.944	-0.2
1.948	-0.2
1.952	-0.2
1.955	-0.2
1.960	-0.2
1.966	-0.2
1.971	-0.2
1.975	-0.1
1.979	-0.2
1.985	-0.3
1.990	-0.2
1.997	-0.1
2.002	-0.1
2.007	-0.2
2.012	-0.1
2.017	-0.2
2.022	-0.1
2.027	-0.2
2.034	-0.1
2.041	-0.1
2.048	1.1
2.053	1.6
2.057	0.7
2.060	0.1
2.064	0.0
2.068	-0.1
2.073	-0.1
2.079	-0.1
2.086	-0.1
2.094	-0.1
2.100	-0.2
2.105	-0.1
2.109	-0.1
2.111	-0.1
2.115	-0.2
2.120	-0.2
2.124	-0.1
2.128	-0.2
2.131	-0.1
2.134	-0.2
2.135	-0.1
2.138	-0.1
2.140	-0.1
2.144	-0.1
2.148	-0.1
2.153	-0.2
2.158	-0.2
2.162	-0.2
2.166	-0.2
2.170	-0.2
2.175	-0.2
2.179	-0.2
2.183	-0.1
2.187	-0.2
2.191	-0.2
2.194	-0.2
2.197	-0.2
2.200	-0.2
2.203	-0.2
2.207	-0.2
2.211	-0.1
2.215	-0.2
2.219	-0.2
2.222	-0.1
2.224	-0.2
2.225	-0.2
2.225	-0.2
2.225	-0.2
2.225	-0.3
2.225	-0.2
2.225	-0.3
2.225	-0.3
2.225	-0.3
2.225	-0.2
2.225	-0.1
2.225	-0.1
2.225	-0.1
2.225	-0.1
2.225	-0.1
2.225	-0.1
2.225	-0.2
2.225	-0.1
2.225	-0.1
2.225	-0.2
2.225	-0.1
2.225	-0.1
2.225	-0.1
2.225	-0.2
2.225	-0.2
2.225	-0.2
2.225	-0.1
2.225	-0.1
2.225	-0.2
2.224	-0.2
2.224	-0.2
2.224	-0.2
2.224	-0.2
2.224	-0.2
2.224	-0.2
2.224	-0.2
2.224	-0.3
2.224	-0.3
2.224	-0.2
2.224	-0.3
2.224	-0.3
2.224	-0.2
2.224	-0.3
2.224	-0.3
2.224	-0.3
2.224	-0.1
2.224	-0.2
2.224	-0.2
2.224	-0.2
2.224	-0.1
2.224	-0.1
2.224	-0.2
2.224	-0.2
2.224	-0.2
2.224	-0.2
2.224	-0.1
2.224	-0.1
2.224	-0.2
2.224	-0.2
2.224	-0.2
2.224	-0.2
2.224	-0.3
2.224	-0.2
2.224	-0.1
2.224	-0.1
2.224	-0.2
2.224	-0.2
2.224	-0.2
2.224	-0.2
2.224	-0.1
2.224	-0.2
2.224	-0.2
2.224	-0.2
2.224	-0.1
2.224	-0.2
2.224	-0.1
2.224	-0.2
2.224	-0.2
2.224	-0.2
2.224	-0.2
2.224	-0.2
2.224	-0.2
2.224	-0.2
2.224	-0.2
2.224	-0.2
2.224	-0.2
2.224	-0.2
2.224	-0.2
2.224	-0.2
2.224	-0.2
2.224	-0.2
2.224	-0.2
2.224	-0.3
2.224	-0.3
2.224	-0.3
2.224	-0.3
2.224	-0.3
